[gd_scene load_steps=25 format=2]

[ext_resource path="res://Recursos/Graficos/Modelos/cactus.tscn" type="PackedScene" id=1]
[ext_resource path="res://Recursos/Graficos/Modelos/mont1.tscn" type="PackedScene" id=2]
[ext_resource path="res://Escenas/Habitats/Objetos/Crea_rocas.tscn" type="PackedScene" id=3]
[ext_resource path="res://Escenas/Habitats/Objetos/Carro_esfera.tscn" type="PackedScene" id=4]
[ext_resource path="res://Recursos/Graficos/Modelos/mont2.tscn" type="PackedScene" id=5]
[ext_resource path="res://Recursos/Graficos/Modelos/mont3.tscn" type="PackedScene" id=6]
[ext_resource path="res://Recursos/Graficos/Modelos/mont4.tscn" type="PackedScene" id=7]
[ext_resource path="res://Recursos/Graficos/Modelos/pisorecto.tscn" type="PackedScene" id=8]
[ext_resource path="res://Recursos/Graficos/Modelos/pisocurva.tscn" type="PackedScene" id=9]
[ext_resource path="res://Recursos/Graficos/Modelos/oxxo.tscn" type="PackedScene" id=10]
[ext_resource path="res://Recursos/Graficos/Modelos/letrero1.tscn" type="PackedScene" id=11]
[ext_resource path="res://Recursos/Graficos/Modelos/arbol.tscn" type="PackedScene" id=12]
[ext_resource path="res://Codigos/Locales/Habitats/Objetos/vuelta-area.gd" type="Script" id=13]
[ext_resource path="res://Codigos/Locales/Habitats/Objetos/counter-vueltas.gd" type="Script" id=14]

[sub_resource type="BoxShape" id=1]
extents = Vector3( 1998.64, 0.992292, 214.693 )

[sub_resource type="CubeMesh" id=2]

[sub_resource type="SpatialMaterial" id=3]
albedo_color = Color( 0.32549, 0.180392, 0.0235294, 1 )

[sub_resource type="CubeMesh" id=4]

[sub_resource type="BoxShape" id=5]
extents = Vector3( 4, 1, 4 )

[sub_resource type="BoxShape" id=6]
extents = Vector3( 3.04167, 5.27896, 151.556 )

[sub_resource type="BoxShape" id=7]
extents = Vector3( 2.61444, 4.74596, 119.682 )

[sub_resource type="BoxShape" id=8]
extents = Vector3( 25.0932, 4.54297, 2.7709 )

[sub_resource type="BoxShape" id=9]
extents = Vector3( 3.29159, 8.04831, 38.0477 )

[sub_resource type="BoxShape" id=10]
extents = Vector3( 13.1788, 5.1548, 2.76811 )

[node name="CarreteraAtlajomulco" type="Spatial"]

[node name="arbol" parent="." instance=ExtResource( 12 )]
transform = Transform( 4, 0, 0, 0, 4, 0, 0, 0, 4, -23.9374, 0, -138.715 )

[node name="pisorecto" parent="." instance=ExtResource( 8 )]
transform = Transform( -0.0360233, 0, -3.99984, 0, 1, 0, 3.99984, 0, -0.0360233, 0, 0, 0 )

[node name="pisorecto2" parent="pisorecto" instance=ExtResource( 8 )]
transform = Transform( 1, 0, 0, 0, 1, 0, 0, 0, 1, -11.3022, 0, 0.10179 )

[node name="pisorecto3" parent="pisorecto" instance=ExtResource( 8 )]
transform = Transform( 1, 0, 0, 0, 1, 0, 0, 0, 1, -22.832, 0, 0.20563 )

[node name="pisorecto4" parent="pisorecto" instance=ExtResource( 8 )]
transform = Transform( 1, 0, 0, 0, 1, 0, 0, 0, 1, -34.8865, 0, 0.314195 )

[node name="pisorecto2" parent="." instance=ExtResource( 8 )]
transform = Transform( -0.0360233, 0, -3.99984, 0, 1, 0, 3.99984, 0, -0.0360233, 113.457, 0, -6.91788 )

[node name="pisorecto2" parent="pisorecto2" instance=ExtResource( 8 )]
transform = Transform( 1, 0, 0, 0, 1, 0, 0, 0, 1, -11.3022, 0, 0.10179 )

[node name="pisorecto3" parent="pisorecto2" instance=ExtResource( 8 )]
transform = Transform( 1, 0, 0, 0, 1, 0, 0, 0, 1, -22.832, 0, 0.20563 )

[node name="pisorecto4" parent="pisorecto2" instance=ExtResource( 8 )]
transform = Transform( 1, 0, 0, 0, 1, 0, 0, 0, 1, -34.8865, 0, 0.314195 )

[node name="pisocurva" parent="." instance=ExtResource( 9 )]
transform = Transform( -2.5163, 0, -3.10937, 0, 1, 0, 3.10937, 0, -2.5163, 2.31607, 0, -190.981 )

[node name="pisocurva2" parent="pisocurva" instance=ExtResource( 9 )]
transform = Transform( 0.618024, 0, -0.786159, 0, 1, 0, 0.786159, 0, 0.618024, -9.5583, 0, -0.260004 )

[node name="pisocurva3" parent="pisocurva" instance=ExtResource( 9 )]
transform = Transform( -0.281889, 0, -0.959447, 0, 1, 0, 0.959447, 0, -0.281889, -17.3471, 0, -9.88455 )

[node name="pisocurva4" parent="pisocurva" instance=ExtResource( 9 )]
transform = Transform( -0.769243, 0, -0.638955, 0, 1, 0, 0.638955, 0, -0.769243, -16.9569, 0, -19.8748 )

[node name="pisocurva2" parent="." instance=ExtResource( 9 )]
transform = Transform( 2.45246, 0, 3.15998, 0, 1, 0, -3.15998, 0, 2.45246, 112.948, 0, 50.8668 )

[node name="pisocurva2" parent="pisocurva2" instance=ExtResource( 9 )]
transform = Transform( 0.618024, 0, -0.786159, 0, 1, 0, 0.786159, 0, 0.618024, -9.5583, 0, -0.260004 )

[node name="pisocurva3" parent="pisocurva2" instance=ExtResource( 9 )]
transform = Transform( -0.281889, 0, -0.959447, 0, 1, 0, 0.959447, 0, -0.281889, -17.3471, 0, -9.88455 )

[node name="pisocurva4" parent="pisocurva2" instance=ExtResource( 9 )]
transform = Transform( -0.769243, 0, -0.638955, 0, 1, 0, 0.638955, 0, -0.769243, -16.9569, 0, -19.8748 )

[node name="letrero1" parent="." instance=ExtResource( 11 )]
transform = Transform( 5, 0, 0, 0, 3, 0, 0, 0, 5, 0, 0, -81.9235 )

[node name="mont1" parent="." instance=ExtResource( 2 )]
transform = Transform( 4, 0, 0, 0, 4, 0, 0, 0, 4, 57.9602, 0, -44.0728 )

[node name="mont2" parent="." instance=ExtResource( 5 )]
transform = Transform( 4, 0, 0, 0, 4, 0, 0, 0, 4, -58.4814, 0, -9.6637 )

[node name="mont3" parent="." instance=ExtResource( 6 )]
transform = Transform( 4, 0, 0, 0, 4, 0, 0, 0, 4, -110.135, 0, 119.487 )

[node name="mont4" parent="." instance=ExtResource( 7 )]
transform = Transform( 4, 0, 0, 0, 4, 0, 0, 0, 4, 94.5444, 0, 183.785 )

[node name="oxxo" parent="." instance=ExtResource( 10 )]
transform = Transform( 4, 0, 0, 0, 4, 0, 0, 0, 4, 47.4521, 0, -258.799 )

[node name="Carro_esfera" parent="." instance=ExtResource( 4 )]
transform = Transform( 1, 0, 0, 0, 1, 0, 0, 0, 1, 0, 3.14178, 0 )

[node name="cactus" parent="." instance=ExtResource( 1 )]
transform = Transform( 1, 0, 0, 0, 1, 0, 0, 0, 1, 11.3826, 0, 0 )

[node name="Piso" type="StaticBody" parent="."]
transform = Transform( -4.37114e-08, 0, -1, 0, 1, 0, 1, 0, -4.37114e-08, 0, -3.94627, 0 )
collision_layer = 0
collision_mask = 0

[node name="CollisionShape" type="CollisionShape" parent="Piso"]
shape = SubResource( 1 )

[node name="CSGMesh" type="CSGMesh" parent="Piso"]
transform = Transform( 2000, 0, 8.71428e-06, 0, 1, 0, -8.71428e-05, 0, 200, 0, 0, 0 )
mesh = SubResource( 2 )
material = SubResource( 3 )

[node name="Piso2" type="StaticBody" parent="."]
transform = Transform( -4.37114e-08, 0, -1, 0, 1, 0, 1, 0, -4.37114e-08, 0, 0, 0 )
visible = false
collision_layer = 1025
collision_mask = 1025

[node name="CollisionShape" type="CollisionShape" parent="Piso2"]
shape = SubResource( 1 )

[node name="CSGMesh" type="CSGMesh" parent="Piso2"]
transform = Transform( 2000, 0, 9.15733e-06, 0, 1, 0, -8.64037e-05, 0, 209.68, 0, 0, 0 )
mesh = SubResource( 2 )
material = SubResource( 3 )

[node name="Crea_rocas" parent="." instance=ExtResource( 3 )]
transform = Transform( 1, 0, 0, 0, 1, 0, 0, 0, 1, 10.1966, 10.2302, 1793.63 )
num_piedras = 200

[node name="StaticBody" type="StaticBody" parent="."]
transform = Transform( 1, 0, 0, 0, 0.927203, -0.374558, 0, 0.374558, 0.927203, 0, 0.344244, -56.6828 )

[node name="CSGMesh" type="CSGMesh" parent="StaticBody"]
transform = Transform( 3.9, 0, 0, 0, 1, 0, 0, 0, 3.8931, 0, 0, 0 )
mesh = SubResource( 4 )

[node name="CollisionShape" type="CollisionShape" parent="StaticBody"]
shape = SubResource( 5 )

[node name="paredes" type="StaticBody" parent="."]
transform = Transform( 1, 0, 0, 0, 1, 0, 0, 0, 1, -13.1317, 0, -72.3648 )

[node name="CollisionShape" type="CollisionShape" parent="paredes"]
shape = SubResource( 6 )

[node name="paredes2" type="StaticBody" parent="."]
transform = Transform( 1, 0, 0, 0, 1, 0, 0, 0, 1, 128.992, 0, -72.3648 )

[node name="CollisionShape" type="CollisionShape" parent="paredes2"]
shape = SubResource( 6 )

[node name="paredes_internas" type="StaticBody" parent="."]
transform = Transform( 1, 0, 0, 0, 1, 0, 0, 0, 1, 13, 0, 0 )

[node name="CollisionShape" type="CollisionShape" parent="paredes_internas"]
transform = Transform( 1, 0, 0, 0, 1, 0, 0, 0, 1, 0, 0, -78.52 )
shape = SubResource( 7 )

[node name="paredes_internas2" type="StaticBody" parent="."]
transform = Transform( 1, 0, 0, 0, 1, 0, 0, 0, 1, 96.0117, 0, 0 )

[node name="CollisionShape" type="CollisionShape" parent="paredes_internas2"]
transform = Transform( 1, 0, 0, 0, 1, 0, 0, 0, 1, 0, 0, -78.52 )
shape = SubResource( 7 )

[node name="curva" type="StaticBody" parent="."]
transform = Transform( 0.883929, 0, -0.467621, 0, 1, 0, 0.467621, 0, 0.883929, 76.3646, -3.8147e-06, -210.461 )

[node name="CollisionShape" type="CollisionShape" parent="curva"]
shape = SubResource( 8 )

[node name="curva2" type="StaticBody" parent="."]
transform = Transform( -0.854069, 0, -0.52016, 0, 1, 0, 0.52016, 0, -0.854069, 34.3659, -7.62939e-06, -208.772 )

[node name="CollisionShape" type="CollisionShape" parent="curva2"]
shape = SubResource( 8 )

[node name="curva3" type="StaticBody" parent="."]
transform = Transform( -0.84416, 0, -0.536092, 0, 1, 0, 0.536092, 0, -0.84416, 78.5626, -3.8147e-06, 57.6378 )

[node name="CollisionShape" type="CollisionShape" parent="curva3"]
shape = SubResource( 8 )

[node name="curva4" type="StaticBody" parent="."]
transform = Transform( 0.807691, 0, -0.589605, 0, 1, 0, 0.589605, 0, 0.807691, 35.5387, -7.62939e-06, 56.4698 )

[node name="CollisionShape" type="CollisionShape" parent="curva4"]
shape = SubResource( 8 )

[node name="curva_fuera" type="StaticBody" parent="."]
transform = Transform( 0.627922, 0, 0.778276, 0, 1, 0, -0.778276, 0, 0.627922, 17.2161, 7.62939e-06, 95.885 )

[node name="CollisionShape" type="CollisionShape" parent="curva_fuera"]
transform = Transform( 0.985932, 0, 0.167147, 0, 1, 0, -0.167147, 0, 0.985932, 5.58347, 0, 4.27244 )
shape = SubResource( 9 )

[node name="curva_fuera2" type="StaticBody" parent="."]
transform = Transform( 0.2616, 0, -0.965176, 0, 1, 0, 0.965176, 0, 0.2616, 95.4149, 7.62939e-06, 90.8239 )

[node name="CollisionShape" type="CollisionShape" parent="curva_fuera2"]
transform = Transform( 0.985932, 0, 0.167147, 0, 1, 0, -0.167147, 0, 0.985932, 5.58347, 0, 4.27244 )
shape = SubResource( 9 )

[node name="curva_fuera3" type="StaticBody" parent="."]
transform = Transform( -0.181583, 0, 0.983375, 0, 1, 0, -0.983375, 0, -0.181583, 17.5027, 7.62939e-06, -234.515 )

[node name="CollisionShape" type="CollisionShape" parent="curva_fuera3"]
transform = Transform( 0.985932, 0, 0.167147, 0, 1, 0, -0.167147, 0, 0.985932, 5.58347, 0, 4.27244 )
shape = SubResource( 9 )

[node name="curva_fuera4" type="StaticBody" parent="."]
transform = Transform( -0.607764, 0, -0.794118, 0, 1, 0, 0.794118, 0, -0.607764, 99.996, 7.62939e-06, -240.923 )

[node name="CollisionShape" type="CollisionShape" parent="curva_fuera4"]
transform = Transform( 0.985932, 0, 0.167147, 0, 1, 0, -0.167147, 0, 0.985932, 5.58347, 0, 4.27244 )
shape = SubResource( 9 )

[node name="vuelta-area" type="Area" parent="."]
transform = Transform( 1, 0, 0, 0, 1, 0, 0, 0, 1, 0, 0, -81.6241 )
collision_layer = 0
collision_mask = 8
script = ExtResource( 13 )

[node name="CollisionShape" type="CollisionShape" parent="vuelta-area"]
shape = SubResource( 10 )

[node name="counter-vueltas" type="RichTextLabel" parent="."]
margin_left = 705.0
margin_top = 232.0
margin_right = 745.0
margin_bottom = 272.0
text = "1"
script = ExtResource( 14 )
__meta__ = {
"_edit_use_anchors_": false
}

[connection signal="area_entered" from="vuelta-area" to="vuelta-area" method="_on_vueltaarea_area_entered"]
[connection signal="pasa_meta" from="vuelta-area" to="counter-vueltas" method="_on_vueltaarea_pasa_meta"]
